[gd_scene load_steps=2 format=3 uid="uid://1ttq6cuseaa5"]

[ext_resource type="PackedScene" uid="uid://dv5e0iemnwxiq" path="res://bambou_grand.tscn" id="1_bosia"]

[node name="Node3D" type="Node3D"]

[node name="Root Scene" parent="." instance=ExtResource("1_bosia")]
transform = Transform3D(0.918715, 0, -0.39492, 0, 1, 0, 0.39492, 0, 0.918715, 1.38747, 0, -6.96677)

[node name="Root Scene2" parent="." instance=ExtResource("1_bosia")]
transform = Transform3D(0.634393, 0, 0.77301, 0, 1, 0, -0.77301, 0, 0.634393, -11.0994, -5.15889, 6.06354)

[node name="Root Scene3" parent="." instance=ExtResource("1_bosia")]
transform = Transform3D(0.569839, 0, 0.821756, 0, 1, 0, -0.821756, 0, 0.569839, 4.00566, -19.3369, 29.4992)

[node name="Root Scene4" parent="." instance=ExtResource("1_bosia")]
transform = Transform3D(1, 0, 0, 0, 1, 0, 0, 0, 1, -17.9686, -11.243, 12.3603)

[node name="Root Scene5" parent="." instance=ExtResource("1_bosia")]
transform = Transform3D(-0.452637, 0, -0.891695, 0, 1, 0, 0.891695, 0, -0.452637, -27.9933, -53.4459, -13.6411)

[node name="Root Scene6" parent="." instance=ExtResource("1_bosia")]
transform = Transform3D(1, 0, 0, 0, 1, 0, 0, 0, 1, -51.4863, -30.3932, 14.4287)

[node name="Root Scene7" parent="." instance=ExtResource("1_bosia")]
transform = Transform3D(0.999977, 0, 0.00684163, 0, 1, 0, -0.00684163, 0, 0.999977, -42.1952, -3.8147e-06, 39.2763)

[node name="Root Scene8" parent="." instance=ExtResource("1_bosia")]
transform = Transform3D(0.27097, 0, 0.962588, 0, 1, 0, -0.962588, 0, 0.27097, 26.5872, -43.8155, 20.4479)

[node name="Root Scene9" parent="." instance=ExtResource("1_bosia")]
transform = Transform3D(0.192282, 0, 0.98134, 0, 1, 0, -0.98134, 0, 0.192282, 40.3442, -24.6499, 40.3227)

[node name="Root Scene10" parent="." instance=ExtResource("1_bosia")]
transform = Transform3D(0.915992, 0, 0.401197, 0, 1, 0, -0.401197, 0, 0.915992, -9.00592, -26.2329, 41.8821)

[node name="Root Scene11" parent="." instance=ExtResource("1_bosia")]
transform = Transform3D(-0.0568671, 0, -0.998382, 0, 1, 0, 0.998382, 0, -0.0568671, -30.6723, -73.8014, -10.8923)

[node name="Root Scene12" parent="." instance=ExtResource("1_bosia")]
transform = Transform3D(0.915992, 0, 0.401197, 0, 1, 0, -0.401197, 0, 0.915992, 21.2067, -19.0078, 43.9505)
